Wall time,Step,Value
1761836342.242166,0,16.832813262939453
1761836411.3330624,1,17.162395477294922
1761836476.1872838,2,17.302221298217773
1761836544.9913568,3,17.285554885864258
1761836584.786298,4,17.551111221313477
1761836614.2455685,5,17.218889236450195
1761836643.6320245,6,17.301944732666016
1761836673.3381472,7,17.790416717529297
1761836702.5258658,8,16.88336753845215
1761836732.0606287,9,17.06138801574707
1761836760.960767,10,16.533889770507812
1761836790.6332195,11,17.55753517150879
1761836820.3272471,12,17.422603607177734
1761836850.6708138,13,18.171493530273438
1761836879.9710867,14,16.786354064941406
1761836909.1708853,15,16.525833129882812
1761836938.8254826,16,17.01937484741211
1761836968.4826381,17,16.920034408569336
1761836998.8472624,18,17.854825973510742
1761837028.4452555,19,17.12618064880371
1761837058.2444968,20,17.455902099609375
1761837088.2123115,21,17.423992156982422
1761837117.9184854,22,17.24100685119629
1761837147.6195157,23,17.158403396606445
1761837177.3444648,24,17.315589904785156
1761837207.0430155,25,17.003263473510742
1761837236.2216134,26,16.558195114135742
1761837265.5867987,27,16.6837158203125
1761837294.895948,28,16.96881866455078
1761837324.3068533,29,16.837013244628906
1761837354.0511675,30,17.27666664123535
1761837383.819151,31,17.35729217529297
1761837413.4957016,32,17.100242614746094
1761837443.2578313,33,17.119304656982422
1761837473.210909,34,17.34170150756836
1761837502.5485287,35,16.642013549804688
1761837532.2797008,36,17.327117919921875
1761837562.2348025,37,17.268125534057617
1761837591.7763255,38,16.89069366455078
1761837621.4130833,39,17.054166793823242
1761837650.8444626,40,16.683090209960938
1761837681.2340963,41,17.83565902709961
1761837710.4607894,42,16.70399284362793
1761837740.7852201,43,18.07086753845215
1761837770.7264185,44,17.646249771118164
1761837800.8969476,45,17.62899398803711
1761837830.4703367,46,16.859861373901367
1761837860.3457332,47,17.467117309570312
1761837890.2503474,48,17.299341201782227
1761837919.946798,49,17.004549026489258
1761837949.34778,50,16.78909683227539
1761837978.9661293,51,17.079200744628906
1761838008.5177193,52,16.91111183166504
1761838038.6354344,53,17.840728759765625
1761838067.8947554,54,16.37211799621582
1761838097.517132,55,17.04191017150879
1761838127.7554758,56,17.468297958374023
1761838157.6118598,57,16.98958396911621
1761838187.2211673,58,16.896320343017578
1761838217.0186894,59,17.319931030273438
1761838249.5430186,60,17.03034782409668
1761838279.4614773,61,17.066978454589844
1761838309.3079114,62,17.278888702392578
1761838339.3145874,63,17.51944351196289
1761838369.3048947,64,17.51881980895996
1761838406.2344084,65,17.271875381469727
1761838435.980505,66,17.214479446411133
1761838465.6498692,67,17.043230056762695
1761838495.093986,68,16.9893741607666
1761838524.499302,69,16.82440948486328
1761838554.0250368,70,17.037466049194336
1761838583.8126347,71,17.42131996154785
1761838613.747641,72,17.373367309570312
1761838643.6855512,73,17.0196533203125
1761838674.2844806,74,18.110137939453125
1761838703.75674,75,16.557777404785156
1761838734.0594618,76,17.662776947021484
1761838763.9620063,77,16.990659713745117
1761838794.3572845,78,17.74916648864746
1761838824.2713892,79,17.15510368347168
1761838854.293328,80,17.349409103393555
1761838884.2974231,81,17.19763946533203
1761838914.3413987,82,17.43340301513672
1761838944.0946267,83,16.924930572509766
1761838974.0526001,84,17.132673263549805
1761839003.990155,85,17.03729248046875
1761839033.7443318,86,17.009166717529297
1761839064.0880764,87,17.709930419921875
1761839093.7902799,88,16.879270553588867
1761839123.6640382,89,16.817222595214844
1761839153.4630446,90,16.83565902709961
1761839183.225733,91,16.908506393432617
1761839212.9972563,92,17.076457977294922
1761839242.9432828,93,17.080833435058594
1761839273.0402732,94,17.466596603393555
1761839303.0019324,95,17.220867156982422
1761839333.183996,96,17.59316062927246
1761839363.3236532,97,17.376562118530273
1761839393.1993732,98,16.86111068725586
1761839422.9953816,99,16.672048568725586
1761839459.1579247,100,17.467361450195312
1761839489.026179,101,17.234617233276367
1761839528.7110002,102,16.803054809570312
1761839599.2521334,103,16.837881088256836
1761839669.710158,104,16.946006774902344
1761839738.8984425,105,17.179235458374023
1761839808.0861773,106,17.135486602783203
1761839877.5759797,107,17.12871551513672
1761839947.4640052,108,17.57263946533203
1761840016.276749,109,16.944549560546875
1761840086.5855684,110,17.386980056762695
1761840154.6579022,111,16.88569450378418
1761840224.0970037,112,16.752986907958984
1761840292.7867305,113,17.292917251586914
1761840361.2833438,114,16.64548683166504
1761840432.097147,115,17.55843734741211
1761840502.3720355,116,16.663124084472656
1761840574.6389995,117,17.868541717529297
1761840643.6341946,118,17.858959197998047
1761840730.4711196,119,17.890625
1761840802.1384108,120,16.995311737060547
1761840863.3297634,121,17.75864601135254
1761840933.165773,122,17.02927017211914
1761841004.0096192,123,17.40048599243164
1761841074.7296686,124,17.332048416137695
1761841146.6173308,125,16.8125
1761841218.8529751,126,17.57868003845215
1761841292.052911,127,17.84430503845215
1761841363.9494324,128,17.359479904174805
1761841433.5535262,129,16.842742919921875
1761841487.5616205,130,16.48927116394043
1761841517.5252717,131,16.97371482849121
1761841547.8438704,132,17.463367462158203
1761841577.6820426,133,17.12906265258789
1761841608.0685556,134,17.72576332092285
1761841638.241274,135,17.363506317138672
1761841667.9675002,136,16.956459045410156
1761841698.00371,137,16.901077270507812
1761841728.6134856,138,17.479339599609375
1761841758.9740083,139,17.113853454589844
1761841789.2970173,140,16.867361068725586
1761841820.1054456,141,17.640138626098633
1761841850.3691614,142,17.279582977294922
1761841880.6677384,143,17.057083129882812
1761841911.3272436,144,17.663715362548828
1761841941.60068,145,17.133575439453125
1761841972.0556085,146,17.31920051574707
1761842002.3778346,147,16.838680267333984
1761842032.775164,148,17.21579933166504
1761842063.345403,149,17.644269943237305
1761842093.6523275,150,17.181631088256836
1761842124.204278,151,17.442638397216797
1761842154.5292006,152,16.777605056762695
1761842185.0854156,153,17.31715202331543
1761842215.039367,154,16.781389236450195
1761842244.7313344,155,16.39635467529297
1761842275.1430526,156,17.410207748413086
1761842305.0804424,157,16.99041748046875
1761842335.0484953,158,16.932985305786133
1761842365.1963193,159,17.06045150756836
1761842395.3566399,160,17.33187484741211
1761842425.5426612,161,16.979202270507812
1761842455.545298,162,16.839513778686523
1761842485.8260849,163,16.941007614135742
1761842516.004551,164,17.249792098999023
1761842546.2295668,165,17.031702041625977
1761842576.386061,166,17.167638778686523
1761842606.6129818,167,16.943958282470703
1761842636.8343227,168,17.07465362548828
1761842667.0945485,169,17.207256317138672
1761842697.7221277,170,17.565868377685547
1761842727.7724557,171,16.586944580078125
1761842757.7076352,172,16.74423599243164
1761842787.736949,173,16.95024299621582
1761842818.344344,174,17.58420181274414
1761842848.0899577,175,16.65913200378418
1761842877.967078,176,16.599132537841797
1761842908.1604376,177,17.28996467590332
1761842938.38192,178,16.832326889038086
1761842968.8641458,179,17.247360229492188
1761842999.3691032,180,17.42159652709961
1761843029.5423872,181,16.854583740234375
1761843059.4307423,182,16.579757690429688
1761843089.8681822,183,17.28302001953125
1761843120.5944214,184,17.741527557373047
1761843151.3745863,185,17.292985916137695
1761843181.8021038,186,17.18829917907715
1761843212.2580397,187,17.159027099609375
1761843242.6617427,188,17.127429962158203
1761843272.7183347,189,16.85881996154785
1761843302.899019,190,17.047500610351562
1761843333.0346482,191,17.03125
1761843362.9458857,192,16.769306182861328
1761843393.0817866,193,16.868993759155273
1761843423.4701192,194,17.10072898864746
1761843453.6178138,195,16.745243072509766
1761843483.6398752,196,16.7916316986084
1761843513.6890306,197,16.842117309570312
1761843543.747628,198,16.8856258392334
1761843573.710731,199,16.965173721313477
1761843604.4078515,200,17.71267318725586
1761843634.5781791,201,17.194374084472656
1761843664.9097788,202,16.907499313354492
1761843695.417675,203,17.37100601196289
1761843725.8102982,204,17.144235610961914
1761843755.7551022,205,16.772951126098633
1761843785.9588542,206,17.12267303466797
1761843816.37477,207,17.077743530273438
1761843846.5183163,208,16.75434112548828
1761843877.5554724,209,17.73347282409668
1761843908.2891617,210,17.213993072509766
1761843938.8471508,211,16.708194732666016
1761843969.368459,212,17.194026947021484
1761844026.980726,213,17.15597152709961
1761844056.8910286,214,16.722013473510742
1761844086.7666614,215,16.918577194213867
1761844117.1390984,216,17.26361083984375
1761844147.2443821,217,17.023923873901367
1761844177.703766,218,17.53298568725586
1761844207.8830388,219,16.99187469482422
1761844237.8642857,220,16.93864631652832
1761844267.937088,221,16.986215591430664
1761844298.277391,222,17.25381851196289
1761844330.268015,223,19.766387939453125
1761844360.9898863,224,17.680728912353516
1761844391.46629,225,17.288541793823242
1761844421.9515574,226,16.96986198425293
1761844452.0438726,227,16.72916603088379
1761844481.9201548,228,16.573055267333984
1761844511.757615,229,16.60163116455078
1761844542.0974517,230,17.368160247802734
1761844572.6800196,231,17.660381317138672
1761844602.4419441,232,16.387569427490234
1761844632.367914,233,16.681978225708008
1761844662.8557284,234,17.05437469482422
1761844693.2483306,235,17.467187881469727
1761844723.5530565,236,16.888992309570312
1761844753.3594055,237,16.10847282409668
1761844784.0282664,238,17.72340202331543
1761844814.1974342,239,16.90566062927246
1761844844.6614132,240,16.97684097290039
1761844875.5249746,241,18.147117614746094
1761844906.057756,242,17.440242767333984
1761844936.3724852,243,17.126527786254883
1761844966.824251,244,17.28704833984375
1761844996.881698,245,16.587846755981445
1761845027.0224788,246,16.678924560546875
1761845057.0870905,247,16.735902786254883
1761845087.2085679,248,16.75204849243164
1761845117.450429,249,16.97194480895996
1761845147.3355258,250,16.62472152709961
1761845177.8172944,251,17.39260482788086
1761845208.229307,252,17.2514591217041
1761845238.1294205,253,16.5402774810791
1761845268.3807487,254,16.955312728881836
1761845298.5308177,255,16.80298614501953
1761845328.4659781,256,16.474653244018555
1761845358.6376274,257,16.714200973510742
1761845389.11228,258,17.220867156982422
1761845419.3728764,259,16.884687423706055
1761845449.4711888,260,16.72083282470703
1761845480.1730902,261,17.830486297607422
1761845510.7870514,262,17.354305267333984
1761845541.2680929,263,17.306493759155273
1761845594.4421284,264,17.098888397216797
1761845628.4913046,265,16.751422882080078
1761845658.850902,266,17.323715209960938
1761845689.3062377,267,17.460277557373047
1761845719.6428514,268,17.209964752197266
1761845750.036277,269,17.41347312927246
1761845780.2811086,270,17.134721755981445
1761845810.2260609,271,16.559825897216797
1761845840.180955,272,16.602848052978516
1761845870.6690822,273,17.094478607177734
1761845901.146613,274,17.200763702392578
1761845931.5845773,275,17.29454803466797
1761845962.1746154,276,17.4010066986084
1761845992.4129636,277,17.025346755981445
1761846022.546082,278,16.678401947021484
1761846052.7041473,279,16.769582748413086
1761846083.2322261,280,17.15243148803711
1761846115.551122,281,17.676179885864258
1761846184.6923182,282,16.289167404174805
1761846254.6839433,283,17.41031265258789
1761846324.3691216,284,17.004270553588867
1761846392.9247897,285,16.65916633605957
1761846461.8743713,286,17.130695343017578
1761846530.907112,287,16.720556259155273
1761846600.2314184,288,17.091215133666992
1761846668.6715243,289,17.08246612548828
1761846738.4178915,290,17.342674255371094
1761846809.3440192,291,17.23933982849121
1761846878.2267008,292,16.787673950195312
1761846946.6783674,293,16.605138778686523
1761847015.770187,294,17.052152633666992
1761847084.8062284,295,16.72659683227539
1761847152.603852,296,16.53097152709961
1761847222.7072332,297,17.663681030273438
1761847292.5351863,298,17.48003387451172
1761847362.3012364,299,17.445173263549805
1761847431.8932853,300,17.064722061157227
1761847501.1578,301,17.231735229492188
1761847571.2579575,302,17.61711883544922
1761847640.9207478,303,17.177812576293945
1761847728.4907296,304,17.10329818725586
1761847802.2483516,305,16.96475601196289
1761847872.7396345,306,17.130556106567383
1761847943.7468874,307,17.260208129882812
1761848014.9839182,308,16.87732696533203
1761848086.6662843,309,17.595693588256836
1761848157.7189255,310,17.377742767333984
1761848202.8349879,311,17.167186737060547
1761848248.8124642,312,16.89875030517578
1761848324.7801895,313,16.57892417907715
1761848401.4111724,314,16.946735382080078
1761848436.2687712,315,17.191875457763672
1761848470.387907,316,16.340660095214844
1761848518.7086248,317,17.14524269104004
1761848592.8837957,318,17.343124389648438
1761848665.2630687,319,17.511354446411133
1761848741.9994304,320,17.31770896911621
1761848819.4337876,321,17.092742919921875
1761848896.3895102,322,17.217987060546875
1761848972.0183473,323,16.941181182861328
1761849048.9574647,324,17.27135467529297
1761849122.9138274,325,16.889862060546875
1761849196.0153449,326,16.887882232666016
1761849273.921505,327,17.332395553588867
1761849350.3160088,328,16.420207977294922
1761849427.8572335,329,17.1744441986084
1761849504.643423,330,16.840242385864258
1761849581.450727,331,16.842222213745117
1761849659.2188814,332,17.455415725708008
1761849735.9910192,333,16.5378475189209
1761849813.2762492,334,17.246076583862305
1761849890.0774555,335,16.619131088256836
1761849969.1711998,336,17.76239585876465
1761850045.0543675,337,17.158889770507812
1761850120.8442252,338,16.501840591430664
1761850198.4633136,339,17.531042098999023
1761850276.1977558,340,17.385068893432617
1761850353.7031744,341,17.143020629882812
1761850430.8682756,342,16.823402404785156
1761850507.088622,343,17.119827270507812
1761850583.297594,344,16.511770248413086
1761850659.9588199,345,17.55097198486328
1761850697.9117846,346,16.6809024810791
1761850728.6844804,347,17.121076583862305
1761850759.5260513,348,17.21500015258789
1761850789.9989345,349,16.915451049804688
1761850820.2775834,350,16.6981258392334
1761850850.7088494,351,16.865520477294922
1761850881.3348253,352,16.86746597290039
1761850912.0347822,353,17.32145881652832
1761850943.2176511,354,17.21930503845215
1761850973.808726,355,16.8972225189209
1761851004.0414338,356,16.42965316772461
1761851034.9138293,357,17.392568588256836
1761851065.2999208,358,16.77725601196289
1761851095.8047473,359,16.953472137451172
1761851126.2845132,360,16.648958206176758
1761851156.4362493,361,16.50111198425293
1761851186.9491584,362,16.97340202331543
1761851219.7547622,363,17.01361083984375
1761851250.6122692,364,16.54718780517578
1761851281.3634508,365,17.033611297607422
1761851312.0790856,366,17.026945114135742
1761851342.8921273,367,16.67215347290039
1761851373.8366184,368,16.891632080078125
1761851404.3210902,369,16.596492767333984
1761851435.1902807,370,17.03118133544922
1761851465.8039806,371,16.878507614135742
1761851496.6625345,372,17.291353225708008
1761851527.4191995,373,16.920312881469727
1761851558.662355,374,17.625520706176758
1761851589.164438,375,16.658506393432617
1761851620.1522691,376,17.037153244018555
1761851650.5518212,377,16.377429962158203
1761851681.196407,378,17.018020629882812
1761851711.5990098,379,16.567916870117188
1761851742.1772456,380,16.737638473510742
1761851772.9699872,381,16.860382080078125
1761851803.8435528,382,17.406770706176758
1761851834.6409082,383,17.167152404785156
1761851865.239906,384,16.541458129882812
1761851895.7808285,385,16.871631622314453
1761851926.3663468,386,16.474966049194336
1761851956.875985,387,16.64496612548828
1761851987.2612252,388,16.412256240844727
1761852017.840186,389,16.830520629882812
1761852048.0899043,390,16.43576431274414
1761852078.9332447,391,17.08878517150879
1761852109.7363691,392,16.82350730895996
1761852140.643428,393,17.333160400390625
1761852171.109651,394,16.48430633544922
1761852202.5677652,395,17.790590286254883
1761852233.2278085,396,16.773784637451172
1761852264.0362594,397,17.048402786254883
1761852294.8120291,398,16.860450744628906
1761852325.5589,399,16.60934066772461
1761852356.2778687,400,17.025070190429688
1761852386.551988,401,16.463125228881836
1761852416.6007905,402,16.06510353088379
1761852447.3207893,403,16.908958435058594
1761852477.923258,404,17.085243225097656
1761852508.551406,405,16.728055953979492
1761852539.6033745,406,17.310312271118164
1761852570.327875,407,16.720243453979492
1761852601.018889,408,16.90454864501953
1761852632.0346284,409,17.267047882080078
1761852662.909087,410,17.143888473510742
1761852693.557862,411,17.039304733276367
1761852724.401072,412,17.2592716217041
1761852755.2365878,413,17.226041793823242
1761852785.8557196,414,16.740659713745117
1761852816.9816487,415,17.28847312927246
1761852847.5917315,416,16.688922882080078
1761852878.144706,417,16.756771087646484
1761852908.7993321,418,16.6550350189209
1761852939.5080004,419,16.880590438842773
1761852970.0851204,420,16.81597137451172
1761853001.0126295,421,17.182985305786133
1761853031.8442304,422,17.036806106567383
1761853062.3971555,423,16.12760353088379
1761853092.887493,424,16.575000762939453
1761853123.7358434,425,16.816110610961914
1761853154.2685702,426,16.81253433227539
1761853185.4383569,427,17.50111198425293
1761853216.1421623,428,16.741806030273438
1761853246.9454813,429,16.94559097290039
1761853277.7665384,430,16.91524314880371
1761853308.213424,431,16.540971755981445
1761853339.010774,432,16.90215301513672
1761853369.8925228,433,16.919340133666992
1761853400.6921449,434,17.11715316772461
1761853431.576255,435,16.751527786254883
1761853462.2111013,436,16.851110458374023
1761853493.0650134,437,16.8697566986084
1761853524.034508,438,16.95194435119629
1761853555.0350304,439,17.03131866455078
1761853585.943114,440,17.055660247802734
1761853616.1255028,441,16.197429656982422
1761853646.916313,442,16.941144943237305
1761853677.3404522,443,16.400798797607422
1761853708.34216,444,17.14031219482422
1761853738.9929442,445,16.490243911743164
1761853769.8643405,446,16.818992614746094
1761853801.0777225,447,17.489757537841797
1761853832.0000043,448,16.979270935058594
1761853862.4513435,449,16.41201400756836
1761853893.5792665,450,17.107707977294922
1761853924.3412704,451,16.888992309570312
1761853955.450372,452,16.755624771118164
1761853986.2252195,453,16.707881927490234
1761854017.153595,454,16.83010482788086
1761854048.368189,455,17.46038246154785
1761854079.0719814,456,16.78211784362793
1761854109.6876268,457,16.46614646911621
1761854140.3946016,458,16.88746452331543
1761854171.0204337,459,16.8815975189209
1761854201.488591,460,16.788333892822266
1761854232.1706471,461,16.63975715637207
1761854262.7664504,462,16.761110305786133
1761854293.694521,463,17.074270248413086
1761854324.2697792,464,16.70020866394043
1761854355.0806785,465,16.64583396911621
1761854385.2545295,466,16.15826416015625
1761854415.7615976,467,16.433818817138672
1761854446.4349875,468,16.735902786254883
1761854477.2044768,469,16.865278244018555
1761854508.1646645,470,17.02312469482422
1761854538.691799,471,16.54083251953125
1761854569.3269212,472,16.58683967590332
1761854600.271193,473,17.16201400756836
1761854631.3002315,474,17.082395553588867
1761854661.6110773,475,16.23958396911621
1761854692.2352278,476,16.689722061157227
1761854722.923859,477,16.541839599609375
1761854753.801877,478,16.804861068725586
1761854785.0073454,479,17.554826736450195
1761854815.8363688,480,16.827638626098633
1761854846.69675,481,17.0847225189209
1761854877.6686766,482,16.871875762939453
1761854908.7406576,483,17.257638931274414
1761854939.6483493,484,16.922361373901367
1761854970.2373157,485,16.379549026489258
1761855000.5808878,486,16.130868911743164
1761855031.1273487,487,16.488542556762695
1761855062.0110261,488,17.111665725708008
1761855092.8520958,489,17.122882843017578
1761855123.2132828,490,16.544340133666992
1761855153.8485956,491,16.56597137451172
1761855184.779935,492,17.056076049804688
1761855215.8792531,493,17.13274383544922
1761855246.4186337,494,16.568021774291992
1761855277.7245443,495,17.314722061157227
1761855308.6192744,496,17.02951431274414
1761855339.4457781,497,16.686492919921875
1761855370.5474923,498,17.534931182861328
1761855401.2367356,499,16.78013801574707
1761855431.611699,500,16.20916748046875
1761855462.4647636,501,16.735103607177734
1761855493.45176,502,17.0350341796875
1761855524.3377512,503,16.894166946411133
1761855554.9286196,504,16.497257232666016
1761855585.5538185,505,16.758438110351562
1761855616.015883,506,16.2462158203125
1761855646.6052253,507,16.637361526489258
1761855677.7100918,508,17.0728816986084
1761855708.465372,509,16.533506393432617
1761855739.4791815,510,17.05413246154785
1761855770.3438997,511,16.78621482849121
1761855801.2634437,512,16.82489585876465
1761855832.766089,513,16.89260482788086
1761855863.521887,514,16.511423110961914
1761855894.4773726,515,16.856388092041016
1761855925.1163816,516,16.582569122314453
1761855956.2960193,517,17.32701301574707
1761855987.3048673,518,16.94045066833496
1761856018.3710647,519,17.107986450195312
1761856049.0928755,520,16.842777252197266
1761856079.6240172,521,16.690589904785156
1761856110.2101138,522,16.53125
1761856141.2019634,523,16.757152557373047
1761856172.1825526,524,16.54572868347168
1761856203.2611816,525,17.061527252197266
1761856233.6952844,526,16.385034561157227
1761856264.5553133,527,16.890764236450195
1761856295.3313036,528,16.935277938842773
1761856326.372209,529,17.119028091430664
1761856357.5591464,530,17.350799560546875
1761856388.1315436,531,16.446735382080078
1761856418.7297683,532,16.46795082092285
1761856449.7003431,533,16.849271774291992
1761856480.391759,534,16.512950897216797
1761856511.4154053,535,17.069583892822266
1761856542.3540976,536,16.886423110961914
1761856573.100724,537,16.850589752197266
1761856603.7490559,538,16.60354232788086
1761856634.6894622,539,16.9858341217041
1761856665.3923805,540,16.309791564941406
1761856696.3568716,541,17.038820266723633
1761856727.043534,542,16.451597213745117
1761856757.8521037,543,16.6391658782959
1761856789.523887,544,16.427499771118164
1761856819.7443068,545,16.05267333984375
1761856850.434886,546,16.481319427490234
1761856881.4368837,547,17.016700744628906
1761856912.3234437,548,16.751388549804688
1761856943.3933954,549,16.681249618530273
1761856974.3966746,550,17.103437423706055
1761857005.1641037,551,16.782812118530273
1761857035.567824,552,16.239826202392578
1761857065.8937547,553,16.137882232666016
1761857097.0455363,554,16.989757537841797
1761857128.0905757,555,16.945520401000977
1761857158.920882,556,16.83277702331543
1761857189.8681526,557,16.823436737060547
1761857220.617478,558,16.77347183227539
1761857251.3506968,559,16.460174560546875
1761857281.6478283,560,16.115625381469727
1761857312.346854,561,16.708436965942383
1761857343.237548,562,16.65680503845215
1761857374.559109,563,17.053020477294922
1761857405.1991117,564,16.38451385498047
1761857436.3082743,565,17.22947883605957
1761857467.1673117,566,16.732707977294922
1761857497.6747863,567,16.213924407958984
1761857529.0365028,568,17.357952117919922
1761857560.1694436,569,16.842256546020508
1761857591.257341,570,17.057395935058594
1761857622.2853632,571,16.8762149810791
1761857653.142076,572,16.619895935058594
1761857684.2947383,573,17.25197982788086
1761857715.0772583,574,16.6990966796875
1761857745.9000673,575,16.90736198425293
1761857776.6734104,576,16.85645866394043
1761857807.520129,577,16.797222137451172
1761857838.4362814,578,16.59173583984375
1761857869.5305285,579,17.01243019104004
1761857900.8970704,580,17.451736450195312
1761857931.8557842,581,16.92652702331543
1761857962.5768895,582,16.46930503845215
1761857993.663903,583,16.795589447021484
1761858024.1497345,584,16.350276947021484
1761858055.0186346,585,16.707256317138672
1761858086.0756042,586,16.823680877685547
1761858116.9257593,587,16.767915725708008
1761858147.9747632,588,16.989826202392578
1761858178.5406513,589,16.383054733276367
1761858209.5150735,590,16.747013092041016
1761858240.8801847,591,17.420486450195312
1761858271.9115994,592,17.163854598999023
1761858302.9341784,593,17.01854133605957
1761858333.9095783,594,16.839548110961914
1761858364.626385,595,16.53697967529297
1761858395.720309,596,16.648923873901367
1761858428.253005,597,16.876075744628906
1761858459.5445483,598,16.850034713745117
1761858490.1672974,599,16.63944435119629
1761858520.9494083,600,16.791458129882812
1761858551.3229883,601,16.39527702331543
1761858582.3184414,602,17.266250610351562
1761858612.987196,603,16.738264083862305
1761858643.486234,604,16.5677433013916
1761858674.4580665,605,17.382917404174805
1761858705.3616621,606,16.826284408569336
1761858735.8658102,607,16.539791107177734
1761858766.4851077,608,16.670902252197266
1761858797.0587695,609,16.615938186645508
1761858827.6687093,610,16.720035552978516
1761858857.7620978,611,16.062915802001953
1761858888.5212631,612,17.065763473510742
1761858919.135617,613,16.844444274902344
1761858949.612657,614,16.51506996154785
1761858980.6106277,615,17.36690902709961
1761859011.5155194,616,17.187257766723633
1761859041.6649082,617,16.06999969482422
1761859072.0031476,618,16.27777862548828
1761859103.0397596,619,17.44850730895996
1761859133.65924,620,16.6967716217041
1761859164.2564769,621,16.675798416137695
1761859194.8838027,622,16.905729293823242
1761859225.787852,623,17.167570114135742
1761859256.2615407,624,16.638402938842773
1761859286.9251144,625,16.64645767211914
1761859317.50133,626,16.637290954589844
1761859348.26201,627,16.96291732788086
1761859378.9039462,628,16.551389694213867
1761859409.4870973,629,16.740833282470703
1761859440.7665098,630,17.423992156982422
1761859471.5357149,631,16.99506950378418
1761859502.3433561,632,16.81822967529297
1761859533.056169,633,16.644861221313477
1761859564.0594969,634,17.26041603088379
1761859594.5412734,635,16.591007232666016
1761859625.0697973,636,16.756006240844727
1761859655.371378,637,16.213645935058594
1761859685.7568293,638,16.187707901000977
1761859716.3701084,639,16.596006393432617
1761859747.2521398,640,17.094097137451172
1761859777.995633,641,16.47281265258789
1761859808.5768983,642,16.773611068725586
1761859839.3267539,643,16.92246437072754
1761859871.6616192,644,19.809478759765625
1761859902.3687463,645,16.595590591430664
1761859932.936242,646,16.621110916137695
1761859963.0352829,647,16.022674560546875
1761859993.558902,648,16.47163200378418
1761860024.291292,649,16.431215286254883
1761860055.2834296,650,17.084304809570312
1761860086.0720723,651,16.98611068725586
1761860116.7413423,652,16.79392433166504
1761860147.875092,653,17.420278549194336
1761860178.5525358,654,16.697221755981445
1761860209.4869773,655,17.033645629882812
1761860240.4314947,656,17.072118759155273
1761860271.112302,657,16.78590202331543
1761860302.1970396,658,17.149686813354492
1761860332.991541,659,16.46381950378418
1761860364.0143044,660,16.851041793823242
1761860394.6790829,661,16.882118225097656
1761860425.2228353,662,16.572847366333008
1761860456.1180327,663,17.05788230895996
1761860487.0959642,664,16.96204948425293
1761860517.3897579,665,16.100486755371094
1761860548.1084063,666,16.510555267333984
1761860578.8379366,667,16.837291717529297
1761860609.7674122,668,17.060693740844727
1761860640.7004738,669,16.943021774291992
1761860671.3647277,670,16.678194046020508
1761860701.7821138,671,16.06045150756836
1761860732.9471824,672,17.1108341217041
1761860763.8270864,673,16.99503517150879
1761860794.520787,674,16.55465316772461
1761860825.4337971,675,16.993820190429688
1761860855.692876,676,16.350208282470703
1761860885.9940243,677,16.41576385498047
1761860916.178619,678,16.112499237060547
1761860947.0887291,679,16.98260498046875
1761860978.079324,680,17.002708435058594
1761861008.8741663,681,17.10184097290039
1761861039.5214148,682,16.7852783203125
1761861070.158065,683,16.781354904174805
1761861101.1088068,684,16.91229248046875
1761861131.546952,685,16.493783950805664
1761861162.8656359,686,16.521007537841797
1761861193.1645622,687,16.252222061157227
1761861224.330365,688,17.191701889038086
1761861254.9648175,689,16.73062515258789
1761861285.853338,690,17.06631851196289
1761861316.7147424,691,17.091909408569336
1761861347.37165,692,16.774166107177734
1761861377.8251562,693,16.568090438842773
1761861408.2976303,694,16.60447883605957
1761861439.0115263,695,16.6368408203125
1761861469.817631,696,16.95430564880371
1761861500.3701587,697,16.73229217529297
1761861531.3356724,698,17.105972290039062
1761861561.9011788,699,16.43079948425293
1761861592.8322513,700,16.908506393432617
1761861623.8082721,701,17.11517333984375
1761861654.1049898,702,16.501388549804688
1761861685.0396707,703,16.950695037841797
1761861715.8933697,704,17.037673950195312
1761861746.7004964,705,16.873506546020508
1761861776.7289085,706,16.02541732788086
1761861807.8199809,707,17.21149253845215
1761861838.172804,708,16.37420082092285
1761861868.8520844,709,16.78128433227539
1761861899.0625365,710,16.157257080078125
1761861929.9265022,711,16.915658950805664
1761861960.4268272,712,16.59659767150879
1761861991.1157477,713,16.88079833984375
1761862021.9143786,714,16.889236450195312
1761862053.0960763,715,17.42569351196289
1761862083.4153733,716,16.166736602783203
1761862113.9672942,717,16.72447967529297
1761862144.861433,718,16.90802001953125
1761862176.2600951,719,17.62697982788086
1761862206.705053,720,16.080625534057617
1761862237.6263282,721,17.136667251586914
1761862268.4574142,722,17.060693740844727
1761862299.0101166,723,16.792186737060547
1761862329.7781725,724,16.891910552978516
1761862360.3761933,725,16.644269943237305
1761862391.128848,726,16.860347747802734
1761862422.0885332,727,16.797117233276367
1761862452.99778,728,17.028715133666992
1761862483.3880448,729,16.07642364501953
1761862514.0306733,730,16.775693893432617
1761862544.6176121,731,16.735103607177734
1761862575.2194476,732,16.662534713745117
1761862605.911071,733,16.806180953979492
1761862636.5652788,734,16.888229370117188
1761862667.3180068,735,16.63340187072754
1761862698.020277,736,16.885034561157227
1761862728.6809704,737,16.338680267333984
1761862759.1811655,738,16.308229446411133
1761862789.846866,739,16.681909561157227
1761862820.5080235,740,16.642778396606445
1761862851.1066294,741,16.480798721313477
1761862881.6121576,742,16.470382690429688
1761862911.9429266,743,16.19701385498047
1761862942.861897,744,16.91892433166504
1761862973.574917,745,16.768091201782227
1761863004.125408,746,16.637500762939453
1761863034.8901148,747,16.575763702392578
1761863065.944811,748,17.030624389648438
1761863096.699853,749,16.805208206176758
1761863127.845643,750,17.02864646911621
1761863158.752982,751,16.99972152709961
1761863189.3964598,752,16.641077041625977
1761863219.6513944,753,16.19902801513672
1761863250.153088,754,16.42791748046875
1761863280.6111658,755,16.39472198486328
1761863311.0035832,756,16.191909790039062
1761863341.9660778,757,16.983402252197266
1761863372.3794544,758,16.36607551574707
1761863402.5646462,759,15.868507385253906
1761863433.1852398,760,16.69239616394043
1761863463.4802203,761,16.140172958374023
1761863494.3467984,762,17.140798568725586
1761863524.7888849,763,16.23267364501953
1761863555.1126816,764,16.419445037841797
1761863585.5671515,765,16.225034713745117
1761863616.1142488,766,16.44270896911621
1761863646.83381,767,16.53125
1761863677.1025596,768,16.10472297668457
1761863708.0566382,769,17.04690933227539
1761863738.8498852,770,16.648090362548828
1761863769.5059898,771,16.776700973510742
1761863800.1055532,772,16.72572898864746
1761863830.7879727,773,16.65999984741211
1761863861.955243,774,17.165035247802734
1761863892.653705,775,16.684062957763672
1761863923.4268208,776,16.820104598999023
1761863954.2853956,777,17.011980056762695
1761863984.771838,778,16.281770706176758
1761864015.291727,779,16.439132690429688
1761864046.0229685,780,16.6237850189209
1761864076.3154366,781,16.199687957763672
1761864107.5008197,782,17.12816047668457
1761864138.1270487,783,16.66461753845215
1761864168.413823,784,16.186180114746094
1761864199.3240137,785,16.70513916015625
1761864229.9807756,786,16.66319465637207
1761864260.66124,787,16.631563186645508
1761864291.3922281,788,16.747638702392578
1761864321.7673495,789,16.05145835876465
1761864352.3910816,790,16.392118453979492
1761864383.3881292,791,16.92940902709961
1761864414.238099,792,16.826702117919922
1761864445.8631303,793,16.681110382080078
1761864476.2913635,794,16.235382080078125
1761864506.9590018,795,16.297569274902344
1761864538.150941,796,17.279062271118164
1761864568.9799309,797,16.65652847290039
1761864599.553697,798,16.26934051513672
1761864630.2171764,799,16.637048721313477
1761864661.154913,800,17.18864631652832
1761864691.798375,801,16.657777786254883
1761864722.7173526,802,16.819236755371094
1761864754.0199666,803,16.969165802001953
1761864785.0767899,804,17.039409637451172
1761864816.076174,805,16.906423568725586
1761864846.4456072,806,16.033750534057617
1761864877.0384815,807,16.57437515258789
1761864908.0822132,808,17.13309097290039
1761864939.037825,809,17.156042098999023
1761864969.5615976,810,16.544374465942383
1761864999.9053962,811,16.367534637451172
1761865030.3791475,812,16.313854217529297
1761865061.2401183,813,16.774410247802734
1761865092.1523812,814,17.046979904174805
1761865123.0085335,815,16.625104904174805
1761865153.8296256,816,16.830591201782227
1761865184.1129942,817,16.00295066833496
1761865215.1590421,818,16.85704803466797
1761865245.900274,819,16.697986602783203
1761865276.6309557,820,16.478992462158203
1761865307.1451662,821,16.332603454589844
1761865337.9625683,822,17.09090232849121
1761865368.3650837,823,16.018922805786133
1761865399.034876,824,16.70833396911621
1761865430.0825286,825,17.075000762939453
1761865460.7388196,826,16.65013885498047
1761865491.3554926,827,16.42763900756836
1761865522.264872,828,17.008054733276367
1761865553.288529,829,17.001493453979492
1761865584.2459643,830,16.69361114501953
1761865614.8318117,831,16.422603607177734
1761865645.4350898,832,16.49913215637207
1761865675.9957201,833,16.1811466217041
1761865706.8646505,834,16.831527709960938
1761865737.3194585,835,15.979930877685547
1761865768.4206305,836,16.894235610961914
1761865799.3784692,837,16.786945343017578
1761865830.6414633,838,17.158090591430664
1761865861.14158,839,16.33704948425293
1761865892.2012649,840,17.025104522705078
1761865923.026361,841,16.818403244018555
1761865953.6970086,842,16.753334045410156
1761865984.7374604,843,17.05875015258789
1761866015.185599,844,16.03993034362793
1761866046.3679774,845,16.964895248413086
1761866077.2788959,846,16.695693969726562
1761866107.7508006,847,16.294445037841797
1761866138.0886953,848,16.0688533782959
1761866168.9120998,849,16.730867385864258
1761866199.1854098,850,15.894757270812988
1761866230.3431304,851,17.214235305786133
1761866260.869416,852,16.52548599243164
1761866291.3568068,853,16.254167556762695
1761866322.044636,854,16.531110763549805
1761866352.9676888,855,16.993715286254883
1761866383.3471107,856,15.941353797912598
1761866414.1222944,857,16.742395401000977
1761866445.2516847,858,17.076215744018555
1761866475.913027,859,16.448610305786133
1761866507.0099056,860,16.93170166015625
1761866537.5602236,861,16.379722595214844
1761866568.1742914,862,16.302431106567383
1761866598.887483,863,16.73350715637207
1761866629.667903,864,16.616771697998047
1761866661.173149,865,16.467222213745117
1761866691.9998536,866,16.564687728881836
1761866723.0310936,867,16.95513916015625
1761866753.7903905,868,16.500972747802734
1761866783.9646027,869,16.02923583984375
1761866814.6052206,870,16.424861907958984
1761866845.578478,871,17.26357650756836
1761866875.9423347,872,16.18142318725586
1761866906.661026,873,16.648889541625977
1761866937.4918797,874,16.6068058013916
1761866968.181757,875,16.098054885864258
1761866998.6608295,876,16.284894943237305
1761867029.1549118,877,16.359167098999023
1761867059.7572942,878,16.451457977294922
1761867090.683971,879,16.524513244628906
1761867121.429249,880,16.515277862548828
1761867152.2893674,881,16.627534866333008
1761867183.0117595,882,16.642013549804688
1761867213.98592,883,16.757465362548828
1761867244.9492102,884,16.82520866394043
1761867275.7276375,885,16.452951431274414
1761867306.5759575,886,16.908540725708008
1761867337.5463743,887,16.952049255371094
1761867368.0865617,888,16.556180953979492
1761867398.6889727,889,16.702465057373047
1761867429.7922187,890,17.12413215637207
1761867460.842526,891,16.992916107177734
1761867491.024006,892,15.742291450500488
1761867521.9895954,893,16.819549560546875
1761867552.7089481,894,16.420555114746094
1761867583.570598,895,16.63253402709961
1761867614.176448,896,16.597639083862305
1761867644.6876233,897,16.235797882080078
1761867675.961595,898,17.122604370117188
1761867707.026431,899,16.79770851135254
1761867737.9540215,900,16.640172958374023
1761867768.9274726,901,16.952049255371094
1761867799.921283,902,16.83711814880371
1761867831.0434349,903,16.874271392822266
1761867861.947134,904,16.90715217590332
1761867892.910351,905,16.85736083984375
1761867923.7295578,906,16.39927101135254
1761867955.115909,907,17.140867233276367
1761867985.8958213,908,16.681804656982422
1761868016.8186777,909,16.73232650756836
1761868047.5348516,910,16.511980056762695
1761868078.0632446,911,16.402013778686523
1761868108.5212045,912,16.410486221313477
1761868139.1828713,913,16.468229293823242
1761868170.4292252,914,17.030868530273438
1761868201.1383524,915,16.40802001953125
1761868231.5924866,916,16.100833892822266
1761868262.604067,917,17.031145095825195
1761868292.87126,918,16.03444480895996
1761868323.2358994,919,16.0963191986084
1761868354.270514,920,16.329374313354492
1761868384.9891446,921,16.49739646911621
1761868416.1530032,922,16.801284790039062
1761868446.9316573,923,16.53208351135254
1761868477.5970614,924,16.4791316986084
1761868508.6129951,925,16.89461898803711
1761868539.683987,926,17.055313110351562
1761868570.308297,927,16.547500610351562
1761868600.8711016,928,16.5430908203125
1761868631.7597544,929,16.692014694213867
1761868662.0235748,930,15.764583587646484
1761868693.0513468,931,16.97576332092285
1761868723.4566007,932,16.262882232666016
1761868754.2531466,933,16.781423568725586
1761868784.966317,934,16.705764770507812
1761868815.918979,935,16.59579849243164
1761868846.6130006,936,16.78215217590332
1761868877.381877,937,16.44447898864746
1761868907.5638802,938,15.753437042236328
1761868938.5173569,939,16.84288215637207
1761868969.1818936,940,16.555208206176758
1761869000.1181734,941,16.786945343017578
1761869031.3163128,942,17.270069122314453
1761869061.868619,943,16.15829849243164
1761869092.3707936,944,16.236318588256836
1761869123.4728265,945,16.663854598999023
1761869154.0398178,946,16.361736297607422
1761869184.2569702,947,15.742673873901367
1761869215.1615684,948,16.712013244628906
1761869246.1824758,949,17.014375686645508
1761869276.7891283,950,16.202186584472656
1761869307.5215502,951,16.625452041625977
1761869338.836432,952,17.05645751953125
1761869369.7492101,953,16.647188186645508
1761869400.6009436,954,16.67791748046875
1761869431.1939504,955,16.341075897216797
1761869462.012327,956,16.674165725708008
1761869492.4467814,957,16.221111297607422
1761869523.3082788,958,16.812673568725586
1761869553.6208384,959,16.296180725097656
1761869584.6592882,960,16.663055419921875
1761869615.1693294,961,16.220104217529297
1761869645.6363146,962,16.271215438842773
1761869676.1979666,963,16.476978302001953
1761869706.66779,964,16.23118019104004
1761869737.500969,965,16.516250610351562
1761869768.205283,966,16.685903549194336
1761869799.006152,967,16.82899284362793
1761869829.9035048,968,16.80875015258789
1761869860.6193004,969,16.56131935119629
1761869891.4572232,970,16.796112060546875
1761869922.0807414,971,16.50986099243164
1761869952.7518516,972,16.432777404785156
1761869983.13248,973,16.09579849243164
1761870013.7892158,974,16.6212158203125
1761870044.4721398,975,16.393749237060547
1761870074.89,976,16.274965286254883
1761870105.8710809,977,16.98121452331543
1761870138.924345,978,16.26243019104004
1761870171.0668604,979,16.48638916015625
1761870201.5197814,980,15.857465744018555
1761870232.0292132,981,16.421770095825195
1761870262.3873506,982,16.142534255981445
1761870292.929212,983,16.480173110961914
1761870323.305831,984,15.840937614440918
1761870354.6887968,985,17.47576332092285
1761870385.039535,986,16.094825744628906
1761870415.7901464,987,16.999340057373047
1761870446.9574294,988,17.284618377685547
1761870478.012077,989,17.165382385253906
1761870509.1684098,990,17.02225685119629
1761870539.3678017,991,15.935832977294922
1761870570.0355322,992,16.356874465942383
1761870600.637128,993,16.523889541625977
1761870631.3009925,994,16.622013092041016
1761870662.3608322,995,17.070938110351562
1761870693.089261,996,16.896562576293945
1761870723.6404293,997,16.431875228881836
1761870754.5772974,998,17.113542556762695
1761870785.4494689,999,16.79253387451172
